12
23
24
36
46
48
59
59
60
69
72
84
92
96
106
106
108
115
120
124
127
138
139
150
150
158
161
183
184
196
196
207
212
230
231
243
243
246
247
255
259
282
284
287
287
301
309
309
314
322
324
328
331
331
339
347
352
352
363
363
369
376
376
379
397
421
421
445
446
464
465
467
467
482
485
491
492
501
509
519
558
571
579
579
581
583
583
583
583
586
587
598
600
613
622
630
631
650
658
666
670
671
673
678
689
709
723
730
735
741
742
814
816
819
821
830
834
835
846
857
865
874
884
886
897
901
904
911
913
914
940
960
969
975
979
981
985
998
1003
1005
1013
1050
1079
1101
1101
1106
1110
1118
1122
1138
1149
1161
1162
1185
1187
1188
1188
1188
1197
1223
1224
1234
1243
1252
1285
1302
1305
1307
1324
1325
1326
1329
1330
1332
1342
1373
1380
1386
1392
1393
1395
1411
1419
1420
1431
1432
1435
1448
1466
1467
1486
1531
1540
1544
1550
1565
1578
1596
1604
1614
1619
1648
1650
1650
1662
1664
1667
1669
1687
1712
1713
1738
1765
1768
1769
1771
1771
1771
1771
1780
1807
1840
1898
1909
1935
1938
1946
1950
1971
1982
1983
1990
1998
2003
2016
2033
2109
2119
2125
2131
2132
2135
2144
2144
2146
2195
2201
2202
2207
2214
2218
2220
2226
2266
2276
2289
2292
2340
2351
2354
2354
2354
2356
2364
2449
2463
2473
2479
2490
2503
2530
2587
2599
2632
2636
2644
2647
2650
2652
2656
2660
2726
2745
2745
2746
2766
2839
2841
2912
2935
2935
2935
2936
2938
2965
2967
2975
2979
2998
3016
3035
3068
3082
3094
3153
3153
3180
3189
3209
3234
3310
3320
3320
3403
3462
3516
3518
3518
3518
3521
3522
3532
3550
3639
3652
3658
3676
3680
3684
3684
3707
3716
3729
3790
3867
3959
3963
3964
3970
3970
4000
4087
4101
4102
4102
4102
4103
4110
4121
4134
4148
4155
4168
4184
4200
4230
4230
4245
4277
4323
4336
4345
4364
4397
4408
4483
4528
4540
4576
4630
4660
4662
4680
4680
4680
4680
4684
4711
4855
4903
4942
4953
4983
5014
5088
5108
5161
5183
5242
5266
5266
5266
5267
5267
5290
5339
5475
5605
5651
5655
5702
5715
5732
5757
5848
5848
5848
5849
5849
5910
5919
5950
5966
6044
6077
6113
6178
6311
6321
6352
6352
6378
6389
6401
6412
6461
6472
6502
6513
6531
6610
6798
6817
6840
6898
6905
6949
6980
7063
7067
7075
7290
7347
7358
7370
7401
7402
7468
7566
7589
7766
7836
7874
7932
8205
8427
8465
8530
8554
8630
8630
8657
8806
8815
8817
8861
8873
8915
9098
9300
9358
9414
9570
9598
9738
9778
9838
9855
9898
9920
10440
10600
10603
10660
10819
10935
10966
10999
11074
11081
11101
11264
11620
11727
12112
12225
12281
12300
12466
12618
12786
12953
12977
12989
12995
12997
13025
13111
13617
13665
13940
14125
14648
14962
15118
15124
16260
16308
16811
17271
17570
17596
17650
17725
18580
18660
19414
19826
20484
20900
21175
21564
23220
23381
24700
25426
25540
26293
26308
27860
28225
29224
30180
31750
32500
34820
35039
35275
36898
37140
39460
41780
43751
44100
46420
52477
61172
69834
78567
82327
87312
