319
320
321
321
321
322
322
322
322
322
322
322
323
323
323
323
323
323
323
323
324
324
324
324
324
324
324
325
325
325
325
325
325
326
326
326
326
326
326
326
327
327
327
327
328
328
328
328
328
328
328
329
329
329
329
329
329
330
330
330
331
331
331
331
331
331
331
332
332
332
332
332
332
332
332
333
333
333
333
333
333
334
334
334
334
334
334
335
335
335
336
336
336
337
337
337
337
337
337
337
337
337
338
338
338
338
338
339
339
339
339
339
339
339
339
339
339
340
340
340
341
341
341
341
341
341
341
342
342
342
342
342
343
343
343
343
343
343
344
344
344
344
344
345
345
345
346
347
348
350
383
385
386
386
387
387
387
387
388
388
388
388
389
389
389
389
389
389
389
389
389
390
390
390
390
390
390
391
391
391
391
392
392
393
393
393
393
393
393
394
394
394
394
394
394
395
395
395
395
395
395
395
396
396
396
396
396
396
397
398
398
398
398
398
399
399
399
399
400
401
401
401
401
401
401
402
402
402
402
402
402
402
402
403
403
403
403
403
404
404
404
405
405
405
405
405
406
406
406
406
406
406
406
406
407
408
408
408
408
408
408
409
409
409
409
409
409
410
410
410
410
411
411
411
411
411
411
412
412
412
412
412
413
414
414
414
414
415
415
415
415
416
416
416
417
418
418
418
418
420
450
450
451
451
451
451
451
451
452
452
452
452
452
453
453
453
453
453
454
454
454
455
455
455
455
456
456
456
456
456
457
457
457
457
457
457
457
458
458
458
459
460
460
460
460
460
460
460
461
461
461
462
462
462
462
462
463
463
463
463
463
463
464
464
464
464
464
465
465
466
466
467
467
467
467
467
467
468
468
468
468
469
469
470
470
470
470
470
471
471
471
471
471
472
473
473
473
473
473
474
474
475
475
475
475
475
475
475
475
476
476
476
476
476
477
477
477
478
478
478
478
479
479
479
479
480
480
480
480
480
481
481
481
482
482
482
483
485
485
485
485
485
486
486
486
487
487
487
488
490
492
494
501
507
507
517
517
518
531
532
559
585
590
600
604
608
619
625
630
630
635
636
644
644
645
645
646
646
646
646
647
647
647
647
647
647
648
648
648
649
649
649
649
649
649
650
650
650
651
651
651
651
652
652
652
653
653
653
655
655
655
655
656
657
658
658
658
658
658
658
659
659
659
659
659
659
659
660
660
660
661
661
661
663
663
663
664
665
665
665
665
666
666
666
666
667
667
668
668
668
668
669
669
669
670
670
670
670
671
671
672
672
672
673
673
674
674
674
675
675
675
675
675
676
677
677
677
678
678
678
678
678
678
678
678
679
679
679
679
680
681
682
682
682
682
683
684
684
684
684
685
685
685
686
686
686
687
687
687
688
688
688
689
689
690
690
690
690
690
691
691
691
691
691
691
691
692
692
692
693
693
693
693
694
695
695
696
696
696
696
696
696
697
697
698
700
701
701
701
702
702
702
702
702
702
703
703
703
703
704
704
704
705
705
705
705
706
706
706
706
707
708
709
709
709
710
711
711
712
712
713
713
715
719
723
743
747
751
754
757
764
765
766
774
775
784
790
800
811
820
826
863
865
871
879
882
886
896
898
940
949
956
984
985
992
996
1004
1019
1030
1045
1046
1047
1075
1082
1094
1116
1125
1137
1145
1147
1156
1157
1159
1167
1172
1172
1176
1184
1185
1195
1196
1206
1207
1209
1211
1218
1220
1223
1234
1244
1252
1269
1299
1302
1307
1310
1314
1318
1333
1341
1344
1347
1347
1360
1372
1381
1395
1397
1414
1418
1419
1423
1430
1443
1457
1458
1498
1507
1510
1511
1512
1514
1522
1529
1546
1562
1566
1577
1597
1599
1606
1609
1612
1613
1613
1614
1628
1629
1632
1643
1646
1650
1653
1661
1668
1674
1677
1681
1686
1694
1695
1719
1726
1729
1736
1772
1783
1800
1806
1817
1824
1833
1840
1848
1848
1861
1861
1888
1889
1896
1918
1922
1945
1966
1992
1996
2001
2004
2012
2033
2036
2041
2041
2047
2050
2052
2056
2057
2059
2069
2072
2073
2075
2075
2095
2096
2107
2113
2119
2139
2142
2163
2194
2215
2237
2254
2263
2265
2270
2275
2285
2303
2305
2317
2318
2323
2323
2330
2334
2365
2368
2382
2411
2415
2438
2448
2460
2481
2486
2489
2497
2507
2510
2527
2529
2534
2536
2540
2545
2545
2546
2548
2549
2561
2563
2583
2598
2599
2608
2625
2643
2666
2694
2705
2705
2715
2717
2720
2727
2743
2745
2746
2765
2772
2775
2779
2780
2791
2800
2800
2820
2824
2825
2885
2903
2922
2925
2981
2986
2987
3006
3007
3014
3015
3017
3058
3066
3078
3079
3081
3088
3088
3096
3167
3174
3196
3199
3204
3220
3228
3231
3239
3241
3259
3266
3275
3286
3286
3294
3297
3298
3307
3316
3327
3331
3332
3333
3336
3344
3368
3368
3377
3377
3386
3461
3493
3498
3500
3505
3510
3546
3557
3570
3574
3578
3584
3589
3595
3595
3600
3611
3622
3632
3677
3696
3798
3887
3936
3974
3977
3988
4002
4049
4060
4096
4099
4149
4164
4182
4226
4242
4314
4318
4325
4378
4428
4483
4654
4725
4731
4740
4740
4741
4748
4779
4790
4867
5965
6008
6018
6028
6052
6057
6072
6088
6108
6118
7369
7516
7540
7582
7597
7609
7612
7634
7640
7649
9007
9243
9248
9346
9352
9384
9387
9401
9410
9421
9425
10865
10898
10920
10997
11041
11042
11054
11128
11211
11225
11254
11265
11317
11402
13121
13159
13189
13231
13262
