12
23
24
36
46
48
59
59
60
69
72
84
92
96
106
106
108
115
120
124
127
138
139
150
150
158
161
183
184
196
196
207
212
230
231
243
243
246
247
255
259
282
284
287
287
301
309
309
314
319
320
321
321
321
322
322
322
322
322
322
322
322
323
323
323
323
323
323
323
323
324
324
324
324
324
324
324
324
325
325
325
325
325
325
326
326
326
326
326
326
326
327
327
327
327
328
328
328
328
328
328
328
328
329
329
329
329
329
329
330
330
330
331
331
331
331
331
331
331
331
331
332
332
332
332
332
332
332
332
333
333
333
333
333
333
334
334
334
334
334
334
335
335
335
336
336
336
337
337
337
337
337
337
337
337
337
338
338
338
338
338
339
339
339
339
339
339
339
339
339
339
339
340
340
340
341
341
341
341
341
341
341
342
342
342
342
342
343
343
343
343
343
343
344
344
344
344
344
345
345
345
346
347
347
348
350
352
352
363
363
369
376
376
379
383
385
386
386
387
387
387
387
388
388
388
388
389
389
389
389
389
389
389
389
389
390
390
390
390
390
390
391
391
391
391
392
392
393
393
393
393
393
393
394
394
394
394
394
394
395
395
395
395
395
395
395
396
396
396
396
396
396
397
397
398
398
398
398
398
399
399
399
399
400
401
401
401
401
401
401
402
402
402
402
402
402
402
402
403
403
403
403
403
404
404
404
405
405
405
405
405
406
406
406
406
406
406
406
406
407
408
408
408
408
408
408
409
409
409
409
409
409
410
410
410
410
411
411
411
411
411
411
412
412
412
412
412
413
414
414
414
414
415
415
415
415
416
416
416
417
418
418
418
418
420
421
421
445
446
450
450
451
451
451
451
451
451
452
452
452
452
452
453
453
453
453
453
454
454
454
455
455
455
455
456
456
456
456
456
457
457
457
457
457
457
457
458
458
458
459
460
460
460
460
460
460
460
461
461
461
462
462
462
462
462
463
463
463
463
463
463
464
464
464
464
464
464
465
465
465
466
466
467
467
467
467
467
467
467
467
468
468
468
468
469
469
470
470
470
470
470
471
471
471
471
471
472
473
473
473
473
473
474
474
475
475
475
475
475
475
475
475
476
476
476
476
476
477
477
477
478
478
478
478
479
479
479
479
480
480
480
480
480
481
481
481
482
482
482
482
483
485
485
485
485
485
485
486
486
486
487
487
487
488
490
491
492
492
494
501
501
507
507
509
517
517
518
519
531
532
558
559
571
579
579
581
583
583
583
583
585
586
587
590
598
600
600
604
608
613
619
622
625
630
630
630
631
635
636
644
644
645
645
646
646
646
646
647
647
647
647
647
647
648
648
648
649
649
649
649
649
649
650
650
650
650
651
651
651
651
652
652
652
653
653
653
655
655
655
655
656
657
658
658
658
658
658
658
658
659
659
659
659
659
659
659
660
660
660
661
661
661
663
663
663
664
665
665
665
665
666
666
666
666
666
667
667
668
668
668
668
669
669
669
670
670
670
670
670
671
671
671
672
672
672
673
673
673
674
674
674
675
675
675
675
675
676
677
677
677
678
678
678
678
678
678
678
678
678
679
679
679
679
680
681
682
682
682
682
683
684
684
684
684
685
685
685
686
686
686
687
687
687
688
688
688
689
689
689
690
690
690
690
690
691
691
691
691
691
691
691
692
692
692
693
693
693
693
694
695
695
696
696
696
696
696
696
697
697
698
700
701
701
701
702
702
702
702
702
702
703
703
703
703
704
704
704
705
705
705
705
706
706
706
706
707
708
709
709
709
709
710
711
711
712
712
713
713
715
719
723
723
730
735
741
742
743
747
751
754
757
764
765
766
774
775
784
790
800
811
814
816
819
820
821
826
830
834
835
846
857
863
865
865
871
874
879
882
884
886
886
896
897
898
901
904
911
913
914
940
940
949
956
960
969
975
979
981
984
985
985
992
996
998
1003
1004
1005
1013
1019
1030
1045
1046
1047
1050
1075
1079
1082
1094
1101
1101
1106
1110
1116
1118
1122
1125
1137
1138
1145
1147
1149
1156
1157
1159
1161
1162
1167
1172
1172
1176
1184
1185
1185
1187
1188
1188
1188
1195
1196
1197
1206
1207
1209
1211
1218
1220
1223
1223
1224
1234
1234
1243
1244
1252
1252
1269
1285
1299
1302
1302
1305
1307
1307
1310
1314
1318
1324
1325
1326
1329
1330
1332
1333
1341
1342
1344
1347
1347
1360
1372
1373
1380
1381
1386
1392
1393
1395
1395
1397
1411
1414
1418
1419
1419
1420
1423
1430
1431
1432
1435
1443
1448
1457
1458
1466
1467
1486
1498
1507
1510
1511
1512
1514
1522
1529
1531
1540
1544
1546
1550
1562
1565
1566
1577
1578
1596
1597
1599
1604
1606
1609
1612
1613
1613
1614
1614
1619
1628
1629
1632
1643
1646
1648
1650
1650
1650
1653
1661
1662
1664
1667
1668
1669
1674
1677
1681
1686
1687
1694
1695
1712
1713
1719
1726
1729
1736
1738
1765
1768
1769
1771
1771
1771
1771
1772
1780
1783
1800
1806
1807
1817
1824
1833
1840
1840
1848
1848
1861
1861
1888
1889
1896
1898
1909
1918
1922
1935
1938
1945
1946
1950
1966
1971
1982
1983
1990
1992
1996
1998
2001
2003
2004
2012
2016
2033
2033
2036
2041
2041
2047
2050
2052
2056
2057
2059
2069
2072
2073
2075
2075
2095
2096
2107
2109
2113
2119
2119
2125
2131
2132
2135
2139
2142
2144
2144
2146
2163
2194
2195
2201
2202
2207
2214
2215
2218
2220
2226
2237
2254
2263
2265
2266
2270
2275
2276
2285
2289
2292
2303
2305
2317
2318
2323
2323
2330
2334
2340
2351
2354
2354
2354
2356
2364
2365
2368
2382
2411
2415
2438
2448
2449
2460
2463
2473
2479
2481
2486
2489
2490
2497
2503
2507
2510
2527
2529
2530
2534
2536
2540
2545
2545
2546
2548
2549
2561
2563
2583
2587
2598
2599
2599
2608
2625
2632
2636
2643
2644
2647
2650
2652
2656
2660
2666
2694
2705
2705
2715
2717
2720
2726
2727
2743
2745
2745
2745
2746
2746
2765
2766
2772
2775
2779
2780
2791
2800
2800
2820
2824
2825
2839
2841
2885
2903
2912
2922
2925
2935
2935
2935
2936
2938
2965
2967
2975
2979
2981
2986
2987
2998
3006
3007
3014
3015
3016
3017
3035
3058
3066
3068
3078
3079
3081
3082
3088
3088
3094
3096
3153
3153
3167
3174
3180
3189
3196
3199
3204
3209
3220
3228
3231
3234
3239
3241
3259
3266
3275
3286
3286
3294
3297
3298
3307
3310
3316
3320
3320
3327
3331
3332
3333
3336
3344
3368
3368
3377
3377
3386
3403
3461
3462
3493
3498
3500
3505
3510
3516
3518
3518
3518
3521
3522
3532
3546
3550
3557
3570
3574
3578
3584
3589
3595
3595
3600
3611
3622
3632
3639
3652
3658
3676
3677
3680
3684
3684
3696
3707
3716
3729
3790
3798
3867
3887
3936
3959
3963
3964
3970
3970
3974
3977
3988
4000
4002
4049
4060
4087
4096
4099
4101
4102
4102
4102
4103
4110
4121
4134
4148
4149
4155
4164
4168
4182
4184
4200
4226
4230
4230
4242
4245
4277
4314
4318
4323
4325
4336
4345
4364
4378
4397
4408
4428
4483
4483
4528
4540
4576
4630
4654
4660
4662
4680
4680
4680
4680
4684
4711
4725
4731
4740
4740
4741
4748
4779
4790
4855
4867
4903
4942
4953
4983
5014
5088
5108
5161
5183
5242
5266
5266
5266
5267
5267
5290
5339
5475
5605
5651
5655
5702
5715
5732
5757
5848
5848
5848
5849
5849
5910
5919
5950
5965
5966
6008
6018
6028
6044
6052
6057
6072
6077
6088
6108
6113
6118
6178
6311
6321
6352
6352
6378
6389
6401
6412
6461
6472
6502
6513
6531
6610
6798
6817
6840
6898
6905
6949
6980
7063
7067
7075
7290
7347
7358
7369
7370
7401
7402
7468
7516
7540
7566
7582
7589
7597
7609
7612
7634
7640
7649
7766
7836
7874
7932
8205
8427
8465
8530
8554
8630
8630
8657
8806
8815
8817
8861
8873
8915
9007
9098
9243
9248
9300
9346
9352
9358
9384
9387
9401
9410
9414
9421
9425
9570
9598
9738
9778
9838
9855
9898
9920
10440
10600
10603
10660
10819
10865
10898
10920
10935
10966
10997
10999
11041
11042
11054
11074
11081
11101
11128
11211
11225
11254
11264
11265
11317
11402
11620
11727
12112
12225
12281
12300
12466
12618
12786
12953
12977
12989
12995
12997
13025
13111
13121
13159
13189
13231
13262
13617
13665
13940
14125
14648
14962
15118
15124
16260
16308
16811
17271
17570
17596
17650
17725
18580
18660
19414
19826
20484
20900
21175
21564
23220
23381
24700
25426
25540
26293
26308
27860
28225
29224
30180
31750
32500
34820
35039
35275
36898
37140
39460
41780
43751
44100
46420
52477
61172
69834
78567
82327
87312
